z_mean:3.824542284011841
z_std:11310.7451171875